# Blender v2.80 (sub 75) OBJ File: ''
# www.blender.org
mtllib cloud1.mtl
o Cube.003_Cube.004
v 2.623553 -0.592242 0.174031
v 2.623553 0.109371 0.790010
v 2.623553 0.725350 0.088397
v 2.623553 0.023737 -0.527582
v 3.557197 0.725350 0.088397
v 3.557197 0.023737 -0.527582
v 3.557197 0.109371 0.790010
v 3.557197 -0.592242 0.174031
v -3.427564 0.401301 0.575063
v -2.042648 1.720575 -0.009338
v -1.647951 0.595072 -1.614784
v -3.032867 -0.724202 -1.030383
v -0.260067 -0.401301 -0.575063
v -1.644983 -1.720575 0.009338
v -0.654764 0.724202 1.030383
v -2.039681 -0.595072 1.614784
v -1.099198 1.552013 1.171504
v -1.310443 0.797883 -1.109755
v -1.303467 -1.492358 -0.353301
v -1.092223 -0.738228 1.927957
v 1.099198 -1.552013 -0.556068
v 1.310443 -0.797883 1.725191
v 1.092223 0.738228 -1.312521
v 1.303467 1.492358 0.968737
v 1.873619 -1.295451 0.113822
v 1.219362 -0.385283 1.120803
v 0.503831 0.333372 0.006345
v 1.158087 -0.576796 -1.000635
v 1.657273 1.295451 -0.113822
v 2.311530 0.385283 -1.120803
v 2.372805 0.576796 1.000635
v 3.027061 -0.333372 -0.006345
vt 0.375000 0.000000
vt 0.625000 0.000000
vt 0.625000 0.250000
vt 0.375000 0.250000
vt 0.625000 0.500000
vt 0.375000 0.500000
vt 0.625000 0.750000
vt 0.375000 0.750000
vt 0.625000 1.000000
vt 0.375000 1.000000
vt 0.125000 0.500000
vt 0.125000 0.750000
vt 0.875000 0.500000
vt 0.875000 0.750000
vt 0.375000 0.000000
vt 0.625000 0.000000
vt 0.625000 0.250000
vt 0.375000 0.250000
vt 0.625000 0.500000
vt 0.375000 0.500000
vt 0.625000 0.750000
vt 0.375000 0.750000
vt 0.625000 1.000000
vt 0.375000 1.000000
vt 0.125000 0.500000
vt 0.125000 0.750000
vt 0.875000 0.500000
vt 0.875000 0.750000
vt 0.375000 0.000000
vt 0.625000 0.000000
vt 0.625000 0.250000
vt 0.375000 0.250000
vt 0.625000 0.500000
vt 0.375000 0.500000
vt 0.625000 0.750000
vt 0.375000 0.750000
vt 0.625000 1.000000
vt 0.375000 1.000000
vt 0.125000 0.500000
vt 0.125000 0.750000
vt 0.875000 0.500000
vt 0.875000 0.750000
vt 0.375000 0.000000
vt 0.625000 0.000000
vt 0.625000 0.250000
vt 0.375000 0.250000
vt 0.625000 0.500000
vt 0.375000 0.500000
vt 0.625000 0.750000
vt 0.375000 0.750000
vt 0.625000 1.000000
vt 0.375000 1.000000
vt 0.125000 0.500000
vt 0.125000 0.750000
vt 0.875000 0.500000
vt 0.875000 0.750000
vn -1.0000 0.0000 0.0000
vn 0.0000 0.6598 -0.7515
vn 1.0000 -0.0000 0.0000
vn 0.0000 -0.6598 0.7515
vn 0.0000 -0.7515 -0.6598
vn 0.0000 0.7515 0.6598
vn -0.6939 0.4982 -0.5199
vn 0.1973 -0.5628 -0.8027
vn 0.6939 -0.4982 0.5199
vn -0.1973 0.5628 0.8027
vn -0.6925 -0.6596 0.2922
vn 0.6925 0.6596 -0.2922
vn -0.9962 0.0247 0.0841
vn 0.0029 -0.9495 0.3136
vn 0.9962 -0.0247 -0.0841
vn -0.0029 0.9495 -0.3136
vn 0.0876 0.3127 0.9458
vn -0.0876 -0.3127 -0.9458
vn -0.7655 -0.6385 0.0797
vn -0.4749 0.4769 -0.7396
vn 0.7655 0.6385 -0.0797
vn 0.4749 -0.4769 0.7396
vn 0.4342 -0.6040 -0.6683
vn -0.4342 0.6040 0.6683
usemtl None
s 1
f 1/1/1 2/2/1 3/3/1 4/4/1
f 4/4/2 3/3/2 5/5/2 6/6/2
f 6/6/3 5/5/3 7/7/3 8/8/3
f 8/8/4 7/7/4 2/9/4 1/10/4
f 4/11/5 6/6/5 8/8/5 1/12/5
f 5/5/6 3/13/6 2/14/6 7/7/6
f 9/15/7 10/16/7 11/17/7 12/18/7
f 12/18/8 11/17/8 13/19/8 14/20/8
f 14/20/9 13/19/9 15/21/9 16/22/9
f 16/22/10 15/21/10 10/23/10 9/24/10
f 12/25/11 14/20/11 16/22/11 9/26/11
f 13/19/12 11/27/12 10/28/12 15/21/12
f 17/29/13 18/30/13 19/31/13 20/32/13
f 20/32/14 19/31/14 21/33/14 22/34/14
f 22/34/15 21/33/15 23/35/15 24/36/15
f 24/36/16 23/35/16 18/37/16 17/38/16
f 20/39/17 22/34/17 24/36/17 17/40/17
f 21/33/18 19/41/18 18/42/18 23/35/18
f 25/43/19 26/44/19 27/45/19 28/46/19
f 28/46/20 27/45/20 29/47/20 30/48/20
f 30/48/21 29/47/21 31/49/21 32/50/21
f 32/50/22 31/49/22 26/51/22 25/52/22
f 28/53/23 30/48/23 32/50/23 25/54/23
f 29/47/24 27/55/24 26/56/24 31/49/24
