# Blender v2.80 (sub 75) OBJ File: ''
# www.blender.org
mtllib cloud2.mtl
o Cube_Cube.000
v -3.174714 0.398115 0.596599
v -1.789798 1.717389 0.012198
v -1.395100 0.591885 -1.593248
v -2.780017 -0.727388 -1.008847
v -0.007217 -0.404488 -0.553527
v -1.392133 -1.723762 0.030874
v -0.401914 0.721015 1.051919
v -1.786830 -0.598258 1.636319
v 1.511070 -0.868697 0.779200
v 0.084404 -0.402255 0.911571
v -0.103789 -0.555841 -0.575527
v 1.322877 -1.022283 -0.707898
v 0.343061 0.868697 -0.779200
v 1.769726 0.402255 -0.911571
v 0.531253 1.022283 0.707898
v 1.957919 0.555841 0.575527
v -0.449915 -0.592242 0.174031
v -0.449915 0.109371 0.790010
v -0.449915 0.725350 0.088397
v -0.449915 0.023737 -0.527582
v 0.483729 0.725350 0.088397
v 0.483729 0.023737 -0.527582
v 0.483729 0.109371 0.790010
v 0.483729 -0.592242 0.174031
v 2.919573 -1.154618 0.636647
v 1.514772 -0.392951 1.163466
v 0.947075 -0.344948 -0.419745
v 2.351876 -1.106615 -0.946563
v 1.678781 1.154618 -0.636647
v 3.083582 0.392951 -1.163466
v 2.246479 1.106615 0.946563
v 3.651279 0.344948 0.419745
vt 0.375000 0.000000
vt 0.625000 0.000000
vt 0.625000 0.250000
vt 0.375000 0.250000
vt 0.625000 0.500000
vt 0.375000 0.500000
vt 0.625000 0.750000
vt 0.375000 0.750000
vt 0.625000 1.000000
vt 0.375000 1.000000
vt 0.125000 0.500000
vt 0.125000 0.750000
vt 0.875000 0.500000
vt 0.875000 0.750000
vt 0.375000 0.000000
vt 0.625000 0.000000
vt 0.625000 0.250000
vt 0.375000 0.250000
vt 0.625000 0.500000
vt 0.375000 0.500000
vt 0.625000 0.750000
vt 0.375000 0.750000
vt 0.625000 1.000000
vt 0.375000 1.000000
vt 0.125000 0.500000
vt 0.125000 0.750000
vt 0.875000 0.500000
vt 0.875000 0.750000
vt 0.375000 0.000000
vt 0.625000 0.000000
vt 0.625000 0.250000
vt 0.375000 0.250000
vt 0.625000 0.500000
vt 0.375000 0.500000
vt 0.625000 0.750000
vt 0.375000 0.750000
vt 0.625000 1.000000
vt 0.375000 1.000000
vt 0.125000 0.500000
vt 0.125000 0.750000
vt 0.875000 0.500000
vt 0.875000 0.750000
vt 0.375000 0.000000
vt 0.625000 0.000000
vt 0.625000 0.250000
vt 0.375000 0.250000
vt 0.625000 0.500000
vt 0.375000 0.500000
vt 0.625000 0.750000
vt 0.375000 0.750000
vt 0.625000 1.000000
vt 0.375000 1.000000
vt 0.125000 0.500000
vt 0.125000 0.750000
vt 0.875000 0.500000
vt 0.875000 0.750000
vn -0.6939 0.4982 -0.5199
vn 0.1973 -0.5628 -0.8027
vn 0.6939 -0.4982 0.5199
vn -0.1973 0.5628 0.8027
vn -0.6925 -0.6596 0.2922
vn 0.6925 0.6596 -0.2922
vn -0.2966 -0.9454 0.1352
vn -0.1249 -0.1019 -0.9869
vn 0.2966 0.9454 -0.1352
vn 0.1249 0.1019 0.9869
vn 0.9468 -0.3096 -0.0878
vn -0.9468 0.3096 0.0878
vn -1.0000 0.0000 0.0000
vn 0.0000 0.6598 -0.7515
vn 1.0000 0.0000 0.0000
vn 0.0000 -0.6598 0.7515
vn 0.0000 -0.7515 -0.6598
vn 0.0000 0.7515 0.6598
vn -0.4349 -0.8912 0.1289
vn -0.3374 0.0285 -0.9409
vn 0.4349 0.8912 -0.1289
vn 0.3374 -0.0285 0.9409
vn 0.8349 -0.4527 -0.3131
vn -0.8349 0.4527 0.3131
usemtl None.001
s 1
f 1/1/1 2/2/1 3/3/1 4/4/1
f 4/4/2 3/3/2 5/5/2 6/6/2
f 6/6/3 5/5/3 7/7/3 8/8/3
f 8/8/4 7/7/4 2/9/4 1/10/4
f 4/11/5 6/6/5 8/8/5 1/12/5
f 5/5/6 3/13/6 2/14/6 7/7/6
f 9/15/7 10/16/7 11/17/7 12/18/7
f 12/18/8 11/17/8 13/19/8 14/20/8
f 14/20/9 13/19/9 15/21/9 16/22/9
f 16/22/10 15/21/10 10/23/10 9/24/10
f 12/25/11 14/20/11 16/22/11 9/26/11
f 13/19/12 11/27/12 10/28/12 15/21/12
f 17/29/13 18/30/13 19/31/13 20/32/13
f 20/32/14 19/31/14 21/33/14 22/34/14
f 22/34/15 21/33/15 23/35/15 24/36/15
f 24/36/16 23/35/16 18/37/16 17/38/16
f 20/39/17 22/34/17 24/36/17 17/40/17
f 21/33/18 19/41/18 18/42/18 23/35/18
f 25/43/19 26/44/19 27/45/19 28/46/19
f 28/46/20 27/45/20 29/47/20 30/48/20
f 30/48/21 29/47/21 31/49/21 32/50/21
f 32/50/22 31/49/22 26/51/22 25/52/22
f 28/53/23 30/48/23 32/50/23 25/54/23
f 29/47/24 27/55/24 26/56/24 31/49/24
