# Blender v2.80 (sub 75) OBJ File: ''
# www.blender.org
mtllib cloud3.mtl
o Cube.002_Cube.001
v -0.059525 1.467537 -1.316344
v 0.258399 1.726998 1.195891
v 2.668542 0.939012 0.972268
v 2.350618 0.679551 -1.539967
v -0.496487 -0.679551 1.539967
v 1.913656 -1.467537 1.316344
v -0.814412 -0.939012 -0.972268
v 1.595732 -1.726998 -1.195891
v -0.893861 -0.534444 1.627274
v -2.726053 -0.483262 0.826991
v -2.022695 -1.339373 -0.838050
v -0.190503 -1.390555 -0.037766
v -1.637519 0.467407 -1.604330
v 0.194673 0.416225 -0.804047
v -2.340877 1.323518 0.060710
v -0.508685 1.272336 0.860994
v -3.819586 -0.592242 0.174031
v -3.819586 0.109371 0.790010
v -3.819586 0.725350 0.088397
v -3.819586 0.023737 -0.527582
v -2.885942 0.725350 0.088397
v -2.885942 0.023737 -0.527582
v -2.885942 0.109371 0.790010
v -2.885942 -0.592242 0.174031
v 4.847128 -1.154618 0.636647
v 3.442327 -0.392951 1.163466
v 2.874629 -0.344948 -0.419745
v 4.279430 -1.106615 -0.946563
v 3.606336 1.154618 -0.636647
v 5.011137 0.392951 -1.163466
v 4.174033 1.106615 0.946563
v 5.578834 0.344948 0.419745
vt 0.375000 0.000000
vt 0.375000 0.250000
vt 0.625000 0.250000
vt 0.625000 0.000000
vt 0.375000 0.500000
vt 0.625000 0.500000
vt 0.375000 0.750000
vt 0.625000 0.750000
vt 0.375000 1.000000
vt 0.625000 1.000000
vt 0.125000 0.500000
vt 0.125000 0.750000
vt 0.875000 0.750000
vt 0.875000 0.500000
vt 0.375000 0.000000
vt 0.625000 0.000000
vt 0.625000 0.250000
vt 0.375000 0.250000
vt 0.625000 0.500000
vt 0.375000 0.500000
vt 0.625000 0.750000
vt 0.375000 0.750000
vt 0.625000 1.000000
vt 0.375000 1.000000
vt 0.125000 0.500000
vt 0.125000 0.750000
vt 0.875000 0.500000
vt 0.875000 0.750000
vt 0.375000 0.000000
vt 0.625000 0.000000
vt 0.625000 0.250000
vt 0.375000 0.250000
vt 0.625000 0.500000
vt 0.375000 0.500000
vt 0.625000 0.750000
vt 0.375000 0.750000
vt 0.625000 1.000000
vt 0.375000 1.000000
vt 0.125000 0.500000
vt 0.125000 0.750000
vt 0.875000 0.500000
vt 0.875000 0.750000
vt 0.375000 0.000000
vt 0.625000 0.000000
vt 0.625000 0.250000
vt 0.375000 0.250000
vt 0.625000 0.500000
vt 0.375000 0.500000
vt 0.625000 0.750000
vt 0.375000 0.750000
vt 0.625000 1.000000
vt 0.375000 1.000000
vt 0.125000 0.500000
vt 0.125000 0.750000
vt 0.875000 0.500000
vt 0.875000 0.750000
vn 0.2966 0.9454 -0.1352
vn 0.1249 0.1019 0.9869
vn -0.2966 -0.9454 0.1352
vn -0.1249 -0.1019 -0.9869
vn -0.9468 0.3096 0.0878
vn 0.9468 -0.3096 -0.0878
vn -0.1926 -0.9034 0.3831
vn 0.3517 -0.4281 -0.8325
vn 0.1926 0.9034 -0.3831
vn -0.3517 0.4281 0.8325
vn 0.9161 -0.0256 0.4001
vn -0.9161 0.0256 -0.4001
vn -1.0000 -0.0000 0.0000
vn 0.0000 0.6598 -0.7515
vn 1.0000 -0.0000 0.0000
vn 0.0000 -0.6598 0.7515
vn 0.0000 -0.7515 -0.6598
vn 0.0000 0.7515 0.6598
vn -0.4349 -0.8912 0.1289
vn -0.3374 0.0285 -0.9409
vn 0.4349 0.8912 -0.1289
vn 0.3374 -0.0285 0.9409
vn 0.8349 -0.4527 -0.3131
vn -0.8349 0.4527 0.3131
usemtl None.002
s 1
f 1/1/1 2/2/1 3/3/1 4/4/1
f 2/2/2 5/5/2 6/6/2 3/3/2
f 5/5/3 7/7/3 8/8/3 6/6/3
f 7/7/4 1/9/4 4/10/4 8/8/4
f 2/11/5 1/12/5 7/7/5 5/5/5
f 6/6/6 8/8/6 4/13/6 3/14/6
f 9/15/7 10/16/7 11/17/7 12/18/7
f 12/18/8 11/17/8 13/19/8 14/20/8
f 14/20/9 13/19/9 15/21/9 16/22/9
f 16/22/10 15/21/10 10/23/10 9/24/10
f 12/25/11 14/20/11 16/22/11 9/26/11
f 13/19/12 11/27/12 10/28/12 15/21/12
f 17/29/13 18/30/13 19/31/13 20/32/13
f 20/32/14 19/31/14 21/33/14 22/34/14
f 22/34/15 21/33/15 23/35/15 24/36/15
f 24/36/16 23/35/16 18/37/16 17/38/16
f 20/39/17 22/34/17 24/36/17 17/40/17
f 21/33/18 19/41/18 18/42/18 23/35/18
f 25/43/19 26/44/19 27/45/19 28/46/19
f 28/46/20 27/45/20 29/47/20 30/48/20
f 30/48/21 29/47/21 31/49/21 32/50/21
f 32/50/22 31/49/22 26/51/22 25/52/22
f 28/53/23 30/48/23 32/50/23 25/54/23
f 29/47/24 27/55/24 26/56/24 31/49/24
