# Blender v2.80 (sub 75) OBJ File: ''
# www.blender.org
mtllib cloud4.mtl
o Cube.001_Cube.005
v 2.692008 -1.159141 2.147128
v 5.599698 0.422077 2.499192
v 1.630277 1.247402 0.107487
v 4.537967 2.828620 0.459550
v 3.915497 -2.828620 -0.459550
v 6.823187 -1.247402 -0.107487
v 2.853766 -0.422077 -2.499192
v 5.761456 1.159141 -2.147128
v -6.924294 -0.814473 2.588713
v -7.725396 -2.619801 0.185673
v -4.492602 0.257911 0.972410
v -5.293703 -1.547417 -1.430629
v -8.690838 1.480381 1.453573
v -9.491940 -0.324947 -0.949466
v -6.259145 2.552765 -0.162729
v -7.060246 0.747437 -2.565768
v -0.683290 2.395378 -2.148593
v 3.250649 1.109193 -2.513600
v -0.164361 2.818880 1.951984
v 3.769579 1.532695 1.586978
v -1.915448 -1.532694 -1.586978
v 2.018492 -2.818880 -1.951984
v -1.396519 -1.109192 2.513600
v 2.537422 -2.395378 2.148593
v -2.683676 -0.387394 0.126591
v -3.533456 -0.682336 0.376739
v -3.050959 0.038967 -0.618400
v -3.900738 -0.255974 -0.368251
v -2.804787 0.389083 0.630680
v -3.654567 0.094141 0.880828
v -3.172070 0.815444 -0.114310
v -4.021850 0.520503 0.135838
vt 0.375000 0.000000
vt 0.625000 0.000000
vt 0.625000 0.250000
vt 0.375000 0.250000
vt 0.625000 0.500000
vt 0.375000 0.500000
vt 0.625000 0.750000
vt 0.375000 0.750000
vt 0.625000 1.000000
vt 0.375000 1.000000
vt 0.125000 0.500000
vt 0.125000 0.750000
vt 0.875000 0.500000
vt 0.875000 0.750000
vt 0.375000 0.000000
vt 0.625000 0.000000
vt 0.625000 0.250000
vt 0.375000 0.250000
vt 0.625000 0.500000
vt 0.375000 0.500000
vt 0.625000 0.750000
vt 0.375000 0.750000
vt 0.625000 1.000000
vt 0.375000 1.000000
vt 0.125000 0.500000
vt 0.125000 0.750000
vt 0.875000 0.500000
vt 0.875000 0.750000
vt 0.375000 0.000000
vt 0.625000 0.000000
vt 0.625000 0.250000
vt 0.375000 0.250000
vt 0.625000 0.500000
vt 0.375000 0.500000
vt 0.625000 0.750000
vt 0.375000 0.750000
vt 0.625000 1.000000
vt 0.375000 1.000000
vt 0.125000 0.500000
vt 0.125000 0.750000
vt 0.875000 0.500000
vt 0.875000 0.750000
vt 0.375000 0.000000
vt 0.625000 0.000000
vt 0.625000 0.250000
vt 0.375000 0.250000
vt 0.625000 0.500000
vt 0.375000 0.500000
vt 0.625000 0.750000
vt 0.375000 0.750000
vt 0.625000 1.000000
vt 0.375000 1.000000
vt 0.125000 0.500000
vt 0.125000 0.750000
vt 0.875000 0.500000
vt 0.875000 0.750000
vn -0.3676 0.5016 0.7831
vn -0.3190 0.7230 -0.6128
vn 0.3676 -0.5016 -0.7831
vn 0.3190 -0.7230 0.6128
vn -0.8736 -0.4751 -0.1058
vn 0.8736 0.4751 0.1058
vn 0.5679 -0.7378 0.3649
vn 0.7818 0.3448 -0.5196
vn -0.5679 0.7378 -0.3649
vn -0.7818 -0.3448 0.5196
vn 0.2575 0.5804 0.7725
vn -0.2575 -0.5804 -0.7725
vn -0.2966 -0.9454 0.1352
vn -0.1249 -0.1019 -0.9869
vn 0.2966 0.9454 -0.1352
vn 0.1249 0.1019 0.9869
vn 0.9468 -0.3096 -0.0878
vn -0.9468 0.3096 0.0878
vn 0.1297 -0.8317 -0.5399
vn -0.3934 0.4567 -0.7979
vn -0.1297 0.8317 0.5399
vn 0.3934 -0.4567 0.7979
vn 0.9102 0.3159 -0.2679
vn -0.9102 -0.3159 0.2679
usemtl None
s off
f 1/1/1 2/2/1 4/3/1 3/4/1
f 3/4/2 4/3/2 8/5/2 7/6/2
f 7/6/3 8/5/3 6/7/3 5/8/3
f 5/8/4 6/7/4 2/9/4 1/10/4
f 3/11/5 7/6/5 5/8/5 1/12/5
f 8/5/6 4/13/6 2/14/6 6/7/6
f 9/15/7 10/16/7 12/17/7 11/18/7
f 11/18/8 12/17/8 16/19/8 15/20/8
f 15/20/9 16/19/9 14/21/9 13/22/9
f 13/22/10 14/21/10 10/23/10 9/24/10
f 11/25/11 15/20/11 13/22/11 9/26/11
f 16/19/12 12/27/12 10/28/12 14/21/12
f 17/29/13 18/30/13 20/31/13 19/32/13
f 19/32/14 20/31/14 24/33/14 23/34/14
f 23/34/15 24/33/15 22/35/15 21/36/15
f 21/36/16 22/35/16 18/37/16 17/38/16
f 19/39/17 23/34/17 21/36/17 17/40/17
f 24/33/18 20/41/18 18/42/18 22/35/18
f 25/43/19 26/44/19 28/45/19 27/46/19
f 27/46/20 28/45/20 32/47/20 31/48/20
f 31/48/21 32/47/21 30/49/21 29/50/21
f 29/50/22 30/49/22 26/51/22 25/52/22
f 27/53/23 31/48/23 29/50/23 25/54/23
f 32/47/24 28/55/24 26/56/24 30/49/24
